iata,deg_out,deg_in,deg_total
FRA,239,238,477
CDG,237,233,470
AMS,232,231,463
IST,227,230,457
ATL,217,216,433
PEK,206,206,412
ORD,206,203,409
MUC,191,189,380
DME,189,189,378
DFW,187,185,372
DXB,188,182,370
LHR,171,171,342
DEN,169,168,337
IAH,169,168,337
LGW,165,165,330
BCN,163,163,326
JFK,162,160,322
FCO,157,159,316
MAD,158,156,314
STN,153,152,305
EWR,153,152,305
PVG,152,153,305
CAN,150,149,299
LAX,149,148,297
DUS,147,147,294
YYZ,147,146,293
BRU,146,147,293
MAN,146,144,290
DUB,144,144,288
SVO,144,144,288
CLT,141,139,280
VIE,137,138,275
ZRH,137,136,273
MIA,135,134,269
DTW,135,134,269
HKG,133,134,267
LAS,133,133,266
ICN,131,131,262
MSP,130,130,260
PMI,126,126,252
SIN,125,125,250
IAD,126,122,248
ARN,123,123,246
PHL,122,121,243
BKK,121,121,242
CPH,121,120,241
ORY,119,120,239
DOH,116,118,234
AGP,115,115,230
KUL,112,111,223
LED,110,112,222
TXL,109,110,219
MXP,107,111,218
CTU,108,108,216
OSL,104,104,208
SFO,104,104,208
JED,109,98,207
ATH,104,102,206
NRT,103,103,206
BOS,103,102,205
TPE,103,102,205
MCO,102,102,204
LIS,103,101,204
GVA,101,100,201
SAW,98,98,196
DEL,97,97,194
FLL,97,97,194
ALC,96,96,192
KMG,95,95,190
MEX,94,95,189
PRG,94,94,188
YUL,93,92,185
CGN,92,92,184
SEA,90,94,184
PHX,91,91,182
GRU,92,90,182
SLC,90,91,181
DCA,91,89,180
NCE,90,90,180
CKG,89,89,178
EDI,88,89,177
HEL,88,88,176
AUH,87,89,176
HAM,87,87,174
CMN,87,87,174
SZX,86,86,172
XIY,86,86,172
MRS,86,85,171
LTN,85,85,170
SYD,85,83,168
TFS,83,83,166
CRL,83,83,166
BOM,83,82,165
JNB,81,83,164
LPA,80,83,163
CAI,81,82,163
BHX,81,81,162
RUH,80,81,161
BGY,80,80,160
STR,80,80,160
TLV,79,78,157
WAW,78,78,156
CUN,78,78,156
MNL,78,78,156
SHJ,78,78,156
LYS,77,78,155
BUD,77,77,154
MLA,76,76,152
YVR,75,75,150
MDW,74,75,149
BOG,74,74,148
VKO,74,73,147
HND,73,74,147
VCE,73,73,146
BRS,73,72,145
XMN,72,72,144
PTY,72,72,144
BWI,72,72,144
HGH,72,72,144
CSX,70,70,140
LGA,70,69,139
ADD,67,72,139
SXF,69,68,137
RIX,68,68,136
SHA,67,68,135
TPA,68,67,135
OTP,66,68,134
WUH,66,66,132
BSL,66,65,131
SVX,65,66,131
ALG,65,65,130
PSA,65,65,130
BLQ,64,64,128
AYT,63,64,127
CGK,64,63,127
GLA,63,62,125
NBO,64,61,125
SHE,62,62,124
FAO,63,61,124
EIN,62,61,123
KBP,62,61,123
OPO,61,61,122
STL,60,61,121
TUN,60,60,120
YYC,59,60,119
DLC,59,59,118
BVA,59,59,118
HER,59,58,117
BNE,60,56,116
IBZ,58,58,116
HRB,58,57,115
AMM,57,58,115
EMA,57,57,114
PDX,57,57,114
VLC,57,57,114
LIM,57,57,114
KIX,57,57,114
KWI,57,57,114
TAS,57,56,113
CLE,56,56,112
ACE,54,57,111
SAN,55,56,111
NTE,55,56,111
URC,55,55,110
CGO,55,55,110
SKG,54,55,109
MEL,55,54,109
SGN,54,54,108
TAO,54,54,108
LCA,53,55,108
NKG,54,54,108
LUX,54,54,108
MCT,54,53,107
OVB,52,53,105
FUE,53,51,104
KRK,52,52,104
BEG,52,52,104
TSN,52,52,104
NAP,51,51,102
LBA,51,51,102
VCP,51,51,102
HNL,51,50,101
CIA,50,50,100
HAJ,50,50,100
GIG,49,50,99
BGO,49,49,98
BOD,49,49,98
GRO,49,49,98
SJU,49,48,97
RAK,49,48,97
CTA,47,50,97
RHO,47,50,97
SFB,49,48,97
NCL,49,48,97
LPL,48,48,96
DMM,48,48,96
DMK,48,48,96
KWE,48,48,96
HOU,49,47,96
AKL,45,50,95
FOC,47,47,94
HHN,47,47,94
TYN,47,47,94
GDN,47,47,94
CCS,47,47,94
CVG,47,47,94
BNA,47,46,93
TLS,46,47,93
HAN,46,46,92
VNO,46,46,92
ALA,45,45,90
ADB,44,45,89
PUJ,46,43,89
BSB,44,45,89
BEY,45,44,89
NNG,44,44,88
ESB,43,45,88
IKA,43,44,87
BRE,43,43,86
MCI,43,43,86
NGO,42,43,85
LOS,43,42,85
AEP,43,42,85
DPS,42,42,84
AUS,42,41,83
CMB,41,41,82
MSQ,41,41,82
TNA,41,41,82
GDL,41,41,82
SYX,41,41,82
DBV,41,41,82
BRI,41,41,82
SOF,41,41,82
KWL,41,40,81
BLR,40,41,81
BAH,40,40,80
NAY,40,40,80
EZE,40,40,80
SCL,40,39,79
NAS,39,40,79
GYD,39,39,78
MSY,39,39,78
RDU,39,39,78
BLL,39,39,78
MAA,40,38,78
DWC,40,37,77
PMO,39,38,77
NRN,38,38,76
MFM,38,38,76
NGB,38,38,76
KHN,38,38,76
TSF,38,38,76
PER,38,38,76
CAG,38,38,76
MHD,39,37,76
SVQ,38,38,76
CFU,37,38,75
CHQ,37,38,75
HAK,38,37,75
SJO,38,37,75
YEG,38,37,75
HET,37,37,74
THR,37,37,74
ISB,37,37,74
PIT,37,37,74
FUK,37,37,74
CCU,37,37,74
KHH,37,37,74
KHI,36,37,73
CTS,37,36,73
SPU,36,36,72
SVG,37,35,72
LAD,36,36,72
PUS,36,36,72
LCY,35,36,71
IND,35,35,70
BIO,35,35,70
RYG,35,35,70
HFE,35,35,70
SJW,35,35,70
SAT,35,35,70
MED,28,42,70
POM,35,34,69
TSE,34,34,68
ANC,34,34,68
KRR,34,33,67
OAK,34,33,67
DAC,33,34,67
LHW,33,33,66
CJU,33,33,66
KEF,32,34,66
WNZ,33,33,66
RSW,33,33,66
EVN,33,33,66
SXM,33,33,66
CNF,33,33,66
LIN,33,33,66
GOT,32,32,64
KTM,32,32,64
MTY,32,32,64
AZA,32,32,64
CMH,32,32,64
OKA,32,32,64
HYD,32,32,64
OLB,32,32,64
MEM,32,31,63
TIJ,32,31,63
HKT,32,31,63
SAL,32,31,63
LHE,31,31,62
PIE,31,31,62
NYO,31,31,62
WRO,31,31,62
NUE,32,30,62
DKR,31,31,62
AHO,31,31,62
YHZ,28,33,61
TRD,31,30,61
DYU,30,31,61
HAV,31,30,61
KJA,30,31,61
FNC,30,30,60
ORK,30,30,60
MKE,30,30,60
ZUH,30,30,60
BKI,30,30,60
TRF,30,30,60
SJC,29,30,59
LIL,30,29,59
INC,29,30,59
CNS,30,29,59
JER,30,29,59
ACC,30,28,58
SSA,29,29,58
KGS,28,30,58
CEB,29,29,58
ABZ,29,29,58
CGQ,29,29,58
TRN,29,29,58
RTM,29,29,58
SMF,28,29,57
DTM,28,29,57
RGN,28,29,57
PPT,28,29,57
IKT,28,28,56
BFS,29,27,56
LJG,28,28,56
TLL,28,28,56
DLM,28,28,56
TPS,28,28,56
MLE,29,27,56
SDQ,27,28,55
LEJ,28,27,55
ZAG,27,28,55
KTW,27,27,54
POA,27,26,53
MBJ,26,27,53
CGH,26,26,52
UPG,26,26,52
CNX,26,26,52
FLR,26,26,52
BDL,26,26,52
ADL,26,26,52
WMI,26,26,52
SXB,26,26,52
SYZ,26,26,52
YOW,26,26,52
JAX,26,26,52
SNN,26,26,52
HRG,26,25,51
SUB,25,26,51
AJA,25,25,50
PFO,25,25,50
AUA,25,25,50
TIP,25,25,50
KIV,25,25,50
NBE,25,25,50
ABV,25,25,50
TBS,24,25,49
MRU,25,24,49
MAH,23,25,48
ZAD,24,24,48
NAN,24,23,47
CWB,23,24,47
DJE,24,23,47
UIO,23,24,47
SWA,23,24,47
BIA,23,23,46
PBI,23,23,46
RMQ,23,23,46
SAH,22,24,46
ABQ,23,23,46
SKP,23,23,46
YNT,23,23,46
YKS,23,23,46
YWG,23,23,46
KHV,23,23,46
MYR,23,23,46
SOU,23,23,46
ORN,23,23,46
SDF,22,23,45
DAL,24,21,45
CPT,23,22,45
VRN,23,22,45
ITM,22,22,44
COK,22,22,44
ROV,22,22,44
SJD,22,22,44
LJU,22,22,44
FRU,22,22,44
KRT,22,22,44
ANU,22,22,44
SCQ,22,21,43
SNA,21,22,43
BET,22,21,43
OGG,21,21,42
WLG,21,21,42
PIK,21,21,42
PVR,21,21,42
SUF,21,21,42
POS,21,21,42
FMM,21,21,42
OKC,20,22,42
KZN,21,21,42
AGA,20,21,41
BJV,21,20,41
TNR,21,20,41
ABJ,21,20,41
DAR,22,19,41
CHC,20,21,41
MYY,20,20,40
DRW,20,20,40
BHM,20,20,40
REP,20,20,40
HBE,21,19,40
KUF,20,20,40
VLI,20,20,40
GSP,20,20,40
EBL,20,20,40
BZE,20,20,40
TOS,20,20,40
IEV,20,20,40
BUF,20,20,40
DAD,20,20,40
GRR,20,20,40
FAI,19,21,40
DLA,21,19,40
MPL,20,20,40
GUA,19,21,40
HIR,21,19,40
GSE,20,20,40
PLS,20,20,40
PEN,20,20,40
CWL,20,19,39
SZG,19,20,39
CHS,20,19,39
KIN,19,19,38
WUX,19,19,38
ALB,19,19,38
TSA,19,19,38
KUN,19,19,38
GUM,19,19,38
POZ,19,19,38
OMA,19,19,38
LBD,19,19,38
BDS,19,19,38
DSN,19,19,38
UFA,19,19,38
EXT,19,19,38
RIC,19,19,38
FOR,19,19,38
CUR,19,19,38
XNN,19,19,38
TJM,18,19,37
GYE,19,18,37
GCM,18,19,37
STT,18,19,37
SSH,18,19,37
COO,18,19,37
AMD,18,18,36
TIA,18,18,36
FKB,18,18,36
XUZ,18,18,36
CLJ,18,18,36
TUL,18,18,36
CGB,18,18,36
YZF,18,18,36
BEL,18,18,36
MDE,18,18,36
BTS,18,18,36
EBB,20,16,36
ROC,18,18,36
SDU,18,18,36
ORF,17,19,36
TXN,18,18,36
CLO,18,18,36
REC,18,18,36
YQB,18,18,36
CZX,18,18,36
BHD,18,18,36
MAO,18,18,36
YCU,18,18,36
JJN,18,18,36
DRS,18,18,36
AER,17,18,35
BGI,17,18,35
PGD,18,17,35
FIH,16,19,35
VTE,17,17,34
CCJ,18,16,34
DSM,17,17,34
BTH,17,17,34
GOA,17,17,34
BAV,17,17,34
SCO,17,17,34
TFN,17,17,34
PRN,17,17,34
TYS,17,17,34
MJV,17,17,34
PVD,17,17,34
SDR,17,17,34
PSP,17,17,34
BOH,17,17,34
PEW,17,17,34
TRV,17,17,34
KGL,16,17,33
LUN,18,15,33
PDL,17,16,33
ADE,18,15,33
LIT,17,16,33
LPB,16,16,32
REU,16,16,32
MRV,16,16,32
SYR,16,16,32
DAY,16,16,32
BKO,16,16,32
BOI,16,16,32
FEZ,16,16,32
LWO,16,16,32
MIG,16,15,31
LBV,16,15,31
TUS,16,15,31
OME,16,15,31
LXA,15,15,30
MPM,15,15,30
OMS,15,15,30
RAI,15,15,30
GOJ,15,15,30
HPN,15,15,30
LIR,15,15,30
BHY,15,15,30
NOC,15,15,30
SAP,15,15,30
PNH,15,15,30
BMA,15,15,30
VVO,15,15,30
YXL,16,14,30
XRY,15,15,30
SDJ,14,15,29
ONT,14,15,29
ULN,15,14,29
GCI,14,15,29
OUA,15,14,29
LEI,15,14,29
BOO,15,14,29
YIH,14,14,28
KBL,15,13,28
KCH,14,14,28
BPN,14,14,28
XNA,14,14,28
GSO,14,14,28
YIW,14,14,28
PMV,14,14,28
LFW,14,14,28
SEN,14,14,28
TTN,14,14,28
LYI,14,14,28
CEK,14,14,28
IFN,14,14,28
JNU,14,14,28
RNO,13,14,27
PUY,14,13,27
BWN,13,13,26
LYG,13,13,26
OSS,13,13,26
MMX,13,13,26
BIQ,13,13,26
GMP,13,13,26
SAV,13,13,26
SJJ,13,13,26
YTY,13,13,26
ZYI,13,13,26
YTZ,13,13,26
DUR,13,13,26
AWZ,13,13,26
RUN,13,13,26
HMO,13,13,26
MHT,13,13,26
OOL,13,13,26
LEX,13,13,26
LZH,13,13,26
KTN,13,13,26
ZHA,13,13,26
BGW,13,13,26
AAL,13,13,26
JOG,13,13,26
HRE,11,14,25
PNQ,12,13,25
ELP,13,12,25
POP,14,11,25
BZV,13,12,25
PTP,12,13,25
YYT,13,12,25
OTZ,12,13,25
BND,12,12,24
RAO,12,12,24
YNZ,12,12,24
TSR,12,12,24
UUS,12,12,24
PAP,12,12,24
BRN,12,12,24
CZL,12,12,24
GAU,12,12,24
MVD,12,12,24
JHB,12,12,24
ODS,12,12,24
SID,15,9,24
GOI,12,12,24
BUR,12,12,24
SGC,12,12,24
TGD,12,12,24
ZTH,12,12,24
HIA,12,12,24
DYG,12,12,24
TNG,12,12,24
JIB,12,12,24
MDT,12,12,24
FDH,12,12,24
BIL,12,12,24
SZB,12,12,24
WDH,12,12,24
KOJ,12,12,24
DOK,12,12,24
BEN,12,12,24
NDR,12,12,24
LGB,12,12,24
FLN,12,12,24
VVI,12,11,23
ICT,11,12,23
PLU,12,11,23
SUV,12,11,23
YZV,11,11,22
YYR,11,11,22
CID,11,11,22
UVF,11,11,22
COR,11,11,22
BOJ,11,11,22
KOI,11,11,22
FNA,11,11,22
ASB,11,11,22
MSN,11,11,22
CAK,11,11,22
FAT,11,11,22
FMO,11,11,22
NGS,11,11,22
LZO,11,11,22
TGU,11,11,22
YLW,11,11,22
RZE,11,11,22
TRS,11,11,22
BES,11,11,22
GYN,11,11,22
KOA,11,11,22
LIH,11,11,22
COS,11,11,22
CLY,11,11,22
GRZ,11,11,22
MDC,11,11,22
CIH,11,11,22
PNS,11,11,22
YRT,11,10,21
WIL,10,11,21
FDF,11,10,21
AHB,11,10,21
MLH,10,11,21
INV,11,10,21
NSK,11,10,21
MLI,10,10,20
NZH,10,10,20
BJX,10,10,20
YQT,9,11,20
LOP,10,10,20
YFB,10,10,20
CGP,10,10,20
CUU,10,10,20
AOI,10,10,20
CIF,10,10,20
CAE,10,10,20
KIJ,10,10,20
IOM,10,10,20
NUX,10,10,20
KOW,10,10,20
TLC,10,10,20
OVD,10,10,20
MIR,10,10,20
BTV,10,10,20
KGD,10,10,20
UUD,10,10,20
SON,10,10,20
ISP,10,10,20
TSV,10,10,20
AES,10,10,20
ADA,10,10,20
JRO,9,11,20
HAU,10,10,20
ASU,10,10,20
LIG,10,10,20
TMP,10,10,20
TBZ,10,10,20
FPO,10,10,20
CGR,10,10,20
FAR,10,10,20
VOG,10,10,20
GEG,10,10,20
CCF,10,10,20
PIA,10,10,20
FWA,10,10,20
USM,10,10,20
NTG,9,10,19
YVP,10,9,19
NAT,10,9,19
JMK,9,10,19
NSI,7,12,19
JTR,10,9,19
MST,10,9,19
SPN,10,9,19
BVC,6,13,19
RTB,10,9,19
ELQ,9,10,19
YWK,10,9,19
NOU,9,9,18
SKT,9,9,18
BZR,9,9,18
WUS,9,9,18
RBA,9,9,18
FSD,9,9,18
NMA,9,9,18
GOH,9,9,18
MZT,9,9,18
HLD,9,9,18
HTA,9,9,18
JHG,9,9,18
PNR,9,9,18
JAI,9,9,18
HSV,9,9,18
OUD,9,9,18
LYA,9,9,18
PSR,9,9,18
EUG,9,9,18
LAE,9,9,18
YXE,9,9,18
DVO,9,9,18
VER,9,9,18
TIF,9,9,18
ACY,9,9,18
ROA,9,9,18
RNS,9,9,18
SRG,9,9,18
CZM,9,9,18
PVK,9,9,18
JUV,9,9,18
FUG,9,9,18
DNK,9,9,18
BLI,9,9,18
KMQ,9,9,18
VIX,9,9,18
ABE,9,9,18
RAR,9,9,18
EGO,9,9,18
VAR,9,9,18
XFN,9,9,18
FSC,9,9,18
BLK,9,9,18
JAN,9,9,18
SGF,9,9,18
DJJ,9,9,18
BDO,9,9,18
SEZ,9,9,18
HIJ,9,9,18
EGC,9,9,18
ISA,9,9,18
NKC,9,9,18
YQR,9,9,18
SBN,9,9,18
JNG,9,9,18
PAC,10,8,18
NJC,9,9,18
UDI,9,9,18
NDJ,9,9,18
LKO,9,9,18
VTZ,8,9,17
CIT,8,9,17
DZA,7,10,17
HGU,8,9,17
GEA,8,9,17
VRA,9,8,17
KIH,8,9,17
RIY,9,8,17
HRK,9,8,17
SSG,8,9,17
NIM,8,9,17
AMQ,9,8,17
MBA,9,8,17
NJF,9,8,17
MYJ,8,8,16
UET,8,8,16
ILO,8,8,16
CJB,8,8,16
ADZ,8,8,16
PSC,8,8,16
CGD,8,8,16
HFT,7,9,16
RAB,8,8,16
CIY,8,8,16
HMA,8,8,16
DOM,8,8,16
STI,8,8,16
CKY,8,8,16
KLO,8,8,16
TGO,8,8,16
ECN,8,8,16
KRS,8,8,16
MGA,8,8,16
CTG,8,8,16
SFJ,8,8,16
DSA,8,8,16
NWI,8,8,16
ZAZ,8,8,16
ASP,8,8,16
MID,8,8,16
HTY,8,8,16
WXN,8,8,16
AJU,8,8,16
CRK,8,8,16
YXS,8,8,16
EYW,8,8,16
BDA,8,8,16
LRM,8,8,16
SLZ,8,8,16
AVL,8,8,16
CHA,8,8,16
KUT,8,8,16
GBE,8,8,16
GND,8,8,16
MUX,8,8,16
BDJ,8,8,16
AAR,8,8,16
FNT,8,8,16
TER,8,8,16
SLY,8,8,16
OKJ,8,8,16
MDL,8,8,16
VSA,8,8,16
MAR,8,8,16
PAD,8,8,16
LRH,8,8,16
YYJ,8,8,16
JDZ,8,8,16
BMI,8,8,16
ISU,8,8,16
EOH,8,8,16
UKB,8,8,16
MGF,8,8,16
SMI,7,8,15
PLM,8,7,15
MDZ,7,8,15
MJT,8,7,15
IXE,7,8,15
YNB,7,8,15
ASM,7,8,15
LNZ,8,7,15
BME,8,7,15
ANI,7,8,15
JUB,7,8,15
NAG,8,7,15
MGQ,7,8,15
SPR,7,7,14
WEF,7,7,14
VDS,7,7,14
CUL,7,7,14
AQG,7,7,14
YGW,7,7,14
BSR,7,7,14
RAP,7,7,14
DAT,7,7,14
NBC,7,7,14
KMI,7,7,14
NYM,7,7,14
JJU,7,7,14
CEE,7,7,14
SZZ,7,7,14
AGU,7,7,14
ISG,7,7,14
KLX,7,7,14
ASF,7,7,14
BZN,7,7,14
NNY,7,7,14
ZNZ,7,7,14
LBB,7,7,14
MCZ,7,7,14
YEV,7,7,14
AAE,7,7,14
RAS,7,7,14
LDB,7,7,14
CBB,6,8,14
BFJ,7,7,14
BJL,7,7,14
GWT,7,7,14
LPQ,7,7,14
PKN,7,7,14
TLH,7,7,14
JMU,7,7,14
GEO,7,7,14
TDD,7,7,14
TUU,7,7,14
KBR,7,7,14
YRL,6,8,14
PWM,2,12,14
PBM,7,7,14
PKU,7,7,14
RJK,7,7,14
STM,8,6,14
IOS,7,7,14
THE,7,7,14
KAN,7,7,14
SPC,7,7,14
ZAH,7,7,14
FSZ,7,7,14
GTF,7,7,14
MAG,7,7,14
TZX,7,7,14
YBP,7,7,14
YQM,7,7,14
IDR,7,7,14
MFR,7,7,14
APL,7,7,14
HYN,7,7,14
MLM,7,7,14
IGU,7,7,14
UYN,7,7,14
SCW,7,7,14
HSN,7,7,14
UMD,7,7,14
MSO,7,7,14
LXR,7,7,14
TKU,7,7,14
MRA,7,7,14
YMM,7,7,14
ATW,7,7,14
GUW,7,7,14
JGS,7,7,14
EVE,7,7,14
IAS,7,7,14
LLW,6,7,13
LGG,7,6,13
RPR,7,6,13
ADQ,8,5,13
KSU,6,7,13
HAH,7,6,13
ALF,7,6,13
MAF,6,7,13
FBM,6,7,13
BRW,7,6,13
SBH,7,6,13
NLA,7,6,13
LCE,7,6,13
HOG,8,5,13
BBI,7,6,13
SJP,6,6,12
CJS,6,6,12
TRC,6,6,12
SLU,6,6,12
RDM,6,6,12
AVP,6,6,12
MUR,6,6,12
JPA,6,6,12
MJZ,6,6,12
PBC,6,6,12
CBR,6,6,12
GJT,6,6,12
FEG,6,6,12
HDG,6,6,12
BAQ,6,6,12
KGF,6,6,12
BRC,6,6,12
MRY,6,6,12
MOL,6,6,12
MAB,8,4,12
VLN,6,6,12
SOQ,6,6,12
HME,6,6,12
BEW,6,6,12
BON,6,6,12
ROB,6,6,12
NAO,6,6,12
VOZ,6,6,12
CRW,3,9,12
KOE,6,6,12
VPE,6,6,12
POL,6,6,12
SLP,6,6,12
SXR,6,6,12
CFE,6,6,12
HMI,6,6,12
LUZ,6,6,12
NKM,6,6,12
TAI,6,6,12
GZP,6,6,12
JIQ,6,6,12
HKD,6,6,12
MUB,6,6,12
INN,6,6,12
ERF,6,6,12
DOY,6,6,12
KMJ,6,6,12
YKQ,6,6,12
MDG,6,6,12
UME,6,6,12
PZO,6,6,12
SRQ,6,6,12
TZA,6,6,12
ILG,6,6,12
UKK,6,6,12
TAK,6,6,12
SBA,6,6,12
SLL,6,6,12
ROR,6,6,12
BLA,6,6,12
LAP,6,6,12
BOB,7,5,12
TIV,6,6,12
YGJ,6,6,12
TET,6,6,12
YYY,6,6,12
CHO,6,6,12
ARH,6,6,12
REN,6,6,12
AKN,6,6,12
KIR,6,6,12
YNJ,6,6,12
TOY,6,6,12
LRR,6,6,12
TMM,6,6,12
KBV,6,6,12
ACK,6,6,12
HGA,5,7,12
BPS,6,6,12
BGR,6,6,12
ATQ,6,6,12
LAN,6,6,12
MHH,6,6,12
SBW,6,6,12
HRL,6,6,12
LCG,6,6,12
YTS,5,6,11
TUK,6,5,11
GAL,5,6,11
YSB,6,5,11
NEV,5,6,11
UGC,5,6,11
OGX,5,6,11
ANF,5,6,11
RGI,5,6,11
ZBR,5,6,11
PHE,5,6,11
GRQ,5,6,11
VXO,5,6,11
SKD,6,5,11
GGT,6,5,11
YTH,5,6,11
AMA,6,5,11
AZR,6,5,11
KKN,6,5,11
ZQW,5,6,11
BBO,6,5,11
EFL,5,6,11
REL,6,5,11
SKB,6,5,11
CUF,5,5,10
DIG,5,5,10
VXE,4,6,10
ASR,5,5,10
SCC,5,5,10
OXB,5,5,10
TAH,5,5,10
ELM,5,5,10
FCA,5,5,10
AGM,5,5,10
YXU,5,5,10
TRK,5,5,10
SHV,5,5,10
BTU,5,5,10
ACA,5,5,10
VFA,5,5,10
ZCL,5,5,10
CGY,5,5,10
ZIH,5,5,10
VNS,5,5,10
MKY,5,5,10
GIB,5,5,10
NUS,5,5,10
PMR,5,5,10
LST,5,5,10
CRD,4,6,10
NTL,5,5,10
ZQN,4,6,10
GZT,5,5,10
NOJ,5,5,10
ACX,5,5,10
RLG,5,5,10
MMK,5,5,10
DAX,5,5,10
GRX,5,5,10
GSM,5,5,10
PBG,5,5,10
MOB,5,5,10
NVT,5,5,10
PGU,5,5,10
KUS,5,5,10
TEN,5,5,10
GFK,5,5,10
ROS,5,5,10
IMP,5,5,10
RTW,5,5,10
MFE,5,5,10
LMM,5,5,10
HDY,5,5,10
PGF,5,5,10
AQP,5,5,10
JUH,5,5,10
IXB,5,5,10
BUS,5,5,10
KTA,5,5,10
ILM,5,5,10
BCV,5,5,10
VPS,5,5,10
SIP,5,5,10
YVO,5,5,10
EBA,5,5,10
LGK,5,5,10
IAG,5,5,10
DIE,5,5,10
KVA,5,5,10
IQQ,5,5,10
TWU,5,5,10
PBH,5,5,10
CUZ,5,5,10
AXT,5,5,10
ATZ,5,5,10
IBR,5,5,10
LSI,5,5,10
NQY,5,5,10
VGO,5,5,10
MXZ,5,5,10
TUF,5,5,10
QSF,5,5,10
JDO,5,5,10
OVS,5,5,10
OIT,5,5,10
RKV,5,5,10
PEE,5,5,10
HAS,5,5,10
TFF,5,5,10
MWX,5,5,10
GNV,5,5,10
IMF,5,5,10
MKW,5,5,10
SYY,5,5,10
CCC,5,5,10
JZH,5,5,10
LDE,5,5,10
TGZ,5,5,10
HDF,5,5,10
STX,5,5,10
PLJ,5,5,10
JAV,5,5,10
PMC,5,5,10
LLA,5,5,10
MAS,5,5,10
YXJ,5,5,10
BNN,5,5,10
PPS,5,5,10
UNK,4,6,10
QRO,5,5,10
SFA,5,5,10
ETZ,5,5,10
AOJ,5,5,10
LDY,5,5,10
OAX,5,5,10
TVS,5,5,10
PHF,5,5,10
HMB,5,5,10
MEH,5,5,10
UAK,5,5,10
KRL,5,5,10
ECP,5,5,10
VVC,5,5,10
TJA,5,5,10
VII,5,5,10
PIS,5,5,10
REX,5,5,10
BQS,5,5,10
TAM,5,5,10
HOR,5,5,10
SWF,5,5,10
BFL,5,5,10
PEG,5,5,10
RFD,5,5,10
PKZ,5,5,10
ZGS,5,5,10
BIS,5,5,10
RFP,4,5,9
MQN,4,5,9
FYU,4,5,9
AZS,4,5,9
EIS,5,4,9
JKH,4,5,9
RGL,5,4,9
YDF,4,5,9
WJR,4,5,9
SKZ,5,4,9
HLN,5,4,9
FRO,5,4,9
SSJ,4,5,9
SVD,4,5,9
MJF,5,4,9
BVE,4,5,9
SCU,4,5,9
KQT,4,5,9
GZO,4,5,9
PAT,4,5,9
DGA,5,4,9
YTL,4,5,9
KVD,4,5,9
MZV,4,4,8
EZS,4,4,8
CJJ,4,4,8
YBG,4,4,8
BQN,4,4,8
FNI,4,4,8
BLZ,4,4,8
IXJ,4,4,8
TAB,4,4,8
RMF,4,4,8
SRY,4,4,8
MCX,4,4,8
ZAM,4,4,8
KNH,4,4,8
BLJ,4,4,8
PNZ,4,4,8
BMV,4,4,8
LUM,4,4,8
YHU,4,4,8
YFC,4,4,8
UTH,4,4,8
HLZ,4,4,8
DIY,4,4,8
SHP,4,4,8
TWB,4,4,8
YNA,4,4,8
KZO,4,4,8
BUZ,4,4,8
GRB,4,4,8
EVV,4,4,8
NBS,4,4,8
KER,4,4,8
PUQ,4,4,8
GYS,4,4,8
DGO,4,4,8
JXA,4,4,8
AZI,4,4,8
NHV,4,4,8
YCB,4,4,8
DNH,4,4,8
YHM,4,4,8
HUH,4,4,8
PVH,4,4,8
LSC,4,4,8
KDH,4,4,8
YIF,4,4,8
YVQ,4,4,8
SOG,4,4,8
VDC,4,4,8
CDB,4,4,8
SRZ,4,4,8
CJC,4,4,8
OSI,4,4,8
IDA,4,4,8
MOT,4,4,8
LXS,4,4,8
BKG,4,4,8
ENY,4,4,8
YAM,4,4,8
MSA,4,4,8
REG,4,4,8
HUY,4,4,8
UCT,4,4,8
MVY,4,4,8
HSL,5,3,8
LWS,4,4,8
APW,3,5,8
GHA,4,4,8
TLM,4,4,8
AZD,4,4,8
BTR,4,4,8
FNJ,4,4,8
IQT,4,4,8
KSM,4,4,8
YBC,4,4,8
CAY,4,4,8
SQS,4,4,8
CTL,4,4,8
WUA,4,4,8
WMN,4,4,8
HOV,4,4,8
HTS,4,4,8
YPX,4,4,8
KSC,4,4,8
YNG,4,4,8
YHR,4,4,8
GXF,4,4,8
ELS,4,4,8
XAP,4,4,8
HNA,4,4,8
SCN,4,4,8
BHQ,4,4,8
TRZ,4,4,8
KLU,4,4,8
YQQ,4,4,8
CUK,4,4,8
GPT,4,4,8
LBC,4,4,8
AKX,4,4,8
TRI,4,4,8
GKA,4,4,8
MBS,4,4,8
ELH,4,4,8
RLK,4,4,8
CCP,4,4,8
MQP,4,4,8
NDG,4,4,8
VBY,4,4,8
AUQ,4,4,8
BJA,4,4,8
PYJ,4,4,8
MUA,4,4,8
SDK,4,4,8
CFR,4,4,8
XBE,4,4,8
PUF,4,4,8
PEI,4,4,8
LVI,4,4,8
FLW,4,4,8
PNK,4,4,8
BJF,5,3,8
TAE,4,4,8
STS,4,4,8
JIC,4,4,8
JSH,4,4,8
MZG,4,4,8
TMR,4,4,8
PFB,4,4,8
NOS,4,4,8
MQM,4,4,8
HEA,4,4,8
MLN,4,4,8
FAE,4,4,8
UBA,4,4,8
PKC,4,4,8
GIZ,4,4,8
YKL,4,4,8
SNU,4,4,8
TBU,4,4,8
CXR,4,4,8
HTI,4,4,8
BVG,4,4,8
SCE,4,4,8
SDL,4,4,8
MQL,4,4,8
TCZ,4,4,8
CEN,4,4,8
LET,4,4,8
GDX,4,4,8
HLH,4,4,8
JIU,4,4,8
NER,4,4,8
RDZ,4,4,8
MAJ,4,4,8
EYK,4,4,8
TOL,4,4,8
YZS,4,4,8
EBU,4,4,8
NSN,4,4,8
PMF,4,4,8
PGK,4,4,8
WWK,4,4,8
SLA,4,4,8
AXA,4,4,8
SOC,4,4,8
FAY,4,4,8
HUN,4,4,8
PNP,4,4,8
GBT,4,4,8
DLU,4,4,8
DLH,4,4,8
ZLO,4,4,8
YSM,4,4,8
JOI,4,4,8
MCG,4,4,8
TOF,4,4,8
AZO,4,4,8
YKU,4,4,8
VOL,4,4,8
TGG,4,4,8
GUR,4,4,8
ABA,4,4,8
YXY,4,4,8
GEV,4,4,8
YIC,4,4,8
GNY,4,4,8
JGN,4,4,8
YYQ,4,4,8
JNN,4,4,8
PLZ,4,4,8
PGA,4,4,8
MWZ,4,4,8
VAN,4,4,8
KHG,4,4,8
BTK,4,4,8
SRE,4,4,8
BCD,4,4,8
DIB,3,4,7
ARI,4,3,7
PLW,4,3,7
CCV,3,4,7
HRI,4,3,7
USH,3,4,7
THL,4,3,7
PZU,3,4,7
BHK,3,4,7
HAD,4,3,7
WBB,4,3,7
WAA,3,4,7
KKA,4,3,7
BTT,4,3,7
YVB,3,4,7
CKS,3,4,7
EGM,4,3,7
TJU,4,3,7
ANX,3,4,7
HOD,4,3,7
DUD,3,4,7
YHD,4,3,7
YPH,3,4,7
YBK,4,3,7
TAL,3,4,7
UNG,4,3,7
AOK,3,4,7
DMB,4,3,7
SKN,4,3,7
IXR,4,3,7
HEH,3,4,7
MOZ,4,3,7
RBY,3,4,7
CGA,3,4,7
CRP,4,3,7
BJM,3,4,7
FKQ,3,4,7
YPM,5,2,7
BHV,3,4,7
AKJ,3,3,6
MAU,3,3,6
ENU,3,3,6
IXA,3,3,6
GLK,3,3,6
GRI,3,3,6
YYD,3,3,6
URA,3,3,6
TZL,3,3,6
MYT,3,3,6
ERI,3,3,6
BTJ,3,3,6
MEA,3,3,6
LFT,3,3,6
LRD,3,3,6
YCO,3,3,6
OAJ,3,3,6
BHH,3,3,6
GDT,3,3,6
UIB,3,3,6
SDD,3,3,6
DPL,3,3,6
ZEL,3,3,6
PQQ,3,3,6
ELI,3,3,6
FSP,3,3,6
NDB,3,3,6
ZVK,3,3,6
SLH,3,3,6
AAQ,3,3,6
LLF,3,3,6
SVU,3,3,6
ABT,3,3,6
ERC,3,3,6
RKS,3,3,6
SVB,3,3,6
URJ,3,3,6
YPJ,3,3,6
CAW,3,3,6
GIU,3,3,6
TOE,2,4,6
KUH,3,3,6
YGR,3,3,6
TTE,3,3,6
CFB,3,3,6
YFO,3,3,6
BHE,3,3,6
NBX,3,3,6
CPR,3,3,6
VNX,3,3,6
DDG,3,3,6
MGM,3,3,6
OHE,3,3,6
KTS,3,3,6
MTV,3,3,6
SPP,3,3,6
NPL,3,3,6
PXU,3,3,6
GWD,3,3,6
XIC,3,3,6
MSR,3,3,6
IPA,3,3,6
MZR,3,3,6
CXJ,3,3,6
EQS,3,3,6
UUA,3,3,6
JIJ,3,3,6
KNX,3,3,6
YKG,3,3,6
YSJ,3,3,6
ROK,3,3,6
EMK,3,3,6
GLV,3,3,6
CNJ,3,3,6
PNI,3,3,6
PCL,3,3,6
YYH,3,3,6
JEG,3,3,6
GES,3,3,6
LIF,3,3,6
AZN,3,3,6
IXM,3,3,6
BBK,3,3,6
XIL,3,3,6
DAU,3,3,6
BWT,3,3,6
ZSA,3,3,6
LSP,3,3,6
YBL,3,3,6
OSD,3,3,6
VST,3,3,6
IXS,3,3,6
IXL,3,3,6
PIR,3,3,6
XMH,3,3,6
JGD,3,3,6
LMP,3,3,6
YQG,3,3,6
KLV,3,3,6
YSK,3,3,6
TVU,3,3,6
RYK,3,3,6
BAL,3,3,6
KSH,3,3,6
INB,2,4,6
KCZ,3,3,6
BNX,3,3,6
PPW,3,3,6
BRM,3,3,6
ZGU,3,3,6
JUZ,3,3,6
YXT,3,3,6
PUU,3,3,6
PLQ,3,3,6
YEK,3,3,6
ONG,3,3,6
GAJ,3,3,6
BGM,3,3,6
DLE,3,3,6
PNL,3,3,6
BFN,3,3,6
PVU,3,3,6
RIA,3,3,6
PMW,3,3,6
YQF,3,3,6
GLT,3,3,6
YKA,3,3,6
LDH,3,3,6
TBG,3,3,6
YHY,3,3,6
PDG,3,3,6
VCA,3,3,6
GTE,3,3,6
NNM,3,3,6
FTE,3,3,6
IJK,3,3,6
IQN,3,3,6
BSK,3,3,6
JHS,3,3,6
POR,3,3,6
YMO,3,3,6
JTC,3,3,6
HBA,3,3,6
SKK,3,3,6
LRE,2,4,6
NQN,3,3,6
VAI,3,3,6
YFH,3,3,6
JUL,3,3,6
ASW,3,3,6
MIM,3,3,6
YCS,3,3,6
LNK,3,3,6
KLG,3,3,6
EAM,3,3,6
GRK,3,3,6
YQX,3,3,6
TLN,3,3,6
WLS,3,3,6
KSN,3,3,6
MXL,3,3,6
COQ,3,3,6
CAC,3,3,6
FMN,3,3,6
PLX,3,3,6
LBU,3,3,6
YUY,3,3,6
ESM,3,3,6
VAS,3,3,6
LFM,3,3,6
GOV,3,3,6
MLX,3,3,6
LNE,3,3,6
GPA,3,3,6
ROT,3,3,6
MLU,3,3,6
ABD,3,3,6
AUX,3,3,6
IPN,3,3,6
YYE,3,3,6
AEB,3,3,6
CEI,3,3,6
RVK,3,3,6
BNK,3,3,6
TOB,3,3,6
DUT,3,3,6
TLE,3,3,6
KSY,3,3,6
AJL,3,3,6
KVX,3,3,6
WUZ,3,3,6
YGL,3,3,6
VDE,3,3,6
SFT,3,3,6
KGI,3,3,6
LRS,3,3,6
YQK,3,3,6
CWA,3,3,6
UAH,3,3,6
LBE,3,3,6
KUA,3,3,6
DCM,3,3,6
DIL,3,3,6
DMD,3,3,6
SBP,3,3,6
IXC,3,3,6
YAY,3,3,6
NPE,3,3,6
VAW,3,3,6
SVJ,3,3,6
ZSJ,3,3,6
KIT,3,3,6
AGS,3,3,6
WVB,3,3,6
TPP,3,3,6
YYG,3,3,6
LKN,3,3,6
SMS,3,3,6
NVI,3,3,6
RSH,3,3,6
YHK,3,3,6
YUT,3,3,6
URT,3,3,6
DIR,3,3,6
DRO,3,3,6
INH,3,3,6
TIM,3,3,6
YXC,3,3,6
KSQ,3,3,6
YGT,3,3,6
HOF,3,3,6
LPP,3,3,6
OUL,3,3,6
RBR,3,3,6
AEX,3,3,6
JKL,3,3,6
PWQ,3,3,6
PHO,3,3,6
NOV,3,3,6
CUC,3,3,6
KGA,3,3,6
SRP,3,3,6
ERZ,3,3,6
CMW,3,3,6
BHI,3,3,6
TRW,3,3,6
INU,3,3,6
BZG,3,3,6
GOM,3,3,6
PAZ,3,3,6
LWY,3,3,6
RST,3,3,6
BGA,3,3,6
ETH,3,3,6
CPO,3,3,6
KOT,3,3,6
GCC,3,3,6
ISC,3,3,6
NAQ,3,3,6
YMN,3,3,6
ERS,3,3,6
DNR,3,3,6
ANM,3,3,6
YSO,3,3,6
BBA,3,3,6
OSR,3,3,6
OUZ,3,3,6
LUK,3,3,6
YBX,3,3,6
HKN,3,3,6
BUA,3,3,6
JNZ,3,3,6
GRJ,3,3,6
TRG,3,3,6
UEL,3,3,6
KCM,3,3,6
MNG,3,3,6
AVA,3,3,6
UAP,3,3,6
TGM,4,2,6
STW,3,3,6
YQD,3,3,6
YHO,3,3,6
LLI,3,3,6
TVC,3,3,6
NYA,3,3,6
OSY,3,3,6
JCB,3,3,6
PQC,3,3,6
YUD,3,3,6
MMY,3,3,6
TMS,3,3,6
TOH,3,3,6
HYL,3,3,6
YMT,3,3,6
KVG,3,3,6
NCU,3,3,6
NRL,4,2,6
ACV,3,3,6
IGR,3,3,6
MHQ,3,3,6
VIL,3,3,6
KWN,3,3,6
SAF,3,3,6
DLI,3,3,6
YHI,3,3,6
ITH,3,3,6
ITO,3,3,6
IRA,3,3,6
AYQ,3,3,6
DOU,3,3,6
IXZ,3,3,6
GAN,3,3,6
MMB,3,3,6
BUQ,3,3,6
KWA,3,3,6
MQX,3,3,6
EUN,3,3,6
CIJ,2,3,5
MDK,2,3,5
DEA,2,3,5
CKB,3,2,5
NDY,2,3,5
PIX,2,3,5
HSG,3,2,5
YER,3,2,5
KTB,3,2,5
KAL,3,2,5
AKP,2,3,5
BOC,2,3,5
JNS,3,2,5
ZRJ,2,3,5
NYU,3,2,5
NYK,3,2,5
NLK,3,2,5
AHE,2,3,5
LNV,2,3,5
EWB,3,2,5
JIK,2,3,5
INZ,2,3,5
BGF,3,2,5
YAG,2,3,5
LKE,3,2,5
TIH,2,3,5
ZYL,1,4,5
FKI,2,3,5
WNN,3,2,5
CYB,2,3,5
RUR,2,3,5
TKX,3,2,5
YAX,2,3,5
ULB,3,2,5
CYO,3,2,5
KKH,2,3,5
KWK,3,2,5
NUL,3,2,5
LUV,2,3,5
MKK,2,3,5
BHO,2,3,5
MYD,3,2,5
SBZ,3,2,5
FDE,2,3,5
ELD,2,3,5
TUB,3,2,5
KPN,2,3,5
SOJ,2,3,5
GHB,2,3,5
MXH,2,3,5
EDL,2,3,5
LNY,3,2,5
HVG,3,2,5
HYA,2,3,5
AET,3,2,5
KNG,3,2,5
SVK,3,2,5
PQS,2,3,5
ERM,2,3,5
TKG,2,3,5
MEU,3,2,5
YXN,2,3,5
TIZ,3,2,5
ATM,3,2,5
KYA,2,3,5
RSU,2,2,4
BYC,2,2,4
IGD,2,2,4
TMJ,2,2,4
WIN,2,2,4
PKE,2,2,4
KRF,2,2,4
PET,2,2,4
PAG,2,2,4
SDN,2,2,4
WGA,2,2,4
BFD,2,2,4
CLL,2,2,4
KIM,2,2,4
SWJ,2,2,4
VAA,2,2,4
BRD,2,2,4
ASJ,2,2,4
VGA,2,2,4
RNL,2,2,4
CIK,2,2,4
KGQ,2,2,4
AGT,2,2,4
ARU,2,2,4
WSX,2,2,4
AWD,2,2,4
ODN,2,2,4
CLV,2,2,4
SNP,2,2,4
YQZ,2,2,4
HNH,2,2,4
AOO,2,2,4
MOU,2,2,4
LEB,2,2,4
YNP,2,2,4
MJM,2,2,4
SZE,2,2,4
TSH,2,2,4
DEC,2,2,4
KSD,2,2,4
AKV,2,2,4
TUP,2,2,4
ZKG,2,2,4
URY,2,2,4
CHG,2,2,4
YGV,2,2,4
BMU,2,2,4
QUW,2,2,4
JLR,2,2,4
IXD,2,2,4
UDR,2,2,4
FKS,2,2,4
YOP,2,2,4
MRX,2,2,4
RGA,2,2,4
ZFN,2,2,4
UAS,2,2,4
MCN,2,2,4
YWB,2,2,4
CPV,2,2,4
PED,2,2,4
IUI,2,2,4
CNP,2,2,4
HBX,2,2,4
IRG,2,2,4
SLI,2,2,4
KTG,2,2,4
AGR,2,2,4
ORH,2,2,4
PBJ,2,2,4
DAB,2,2,4
YDP,2,2,4
YWL,2,2,4
HPB,2,2,4
TBI,2,2,4
WKJ,2,2,4
LNB,2,2,4
SJZ,2,2,4
ORZ,2,2,4
YGX,2,2,4
MGW,2,2,4
HOT,2,2,4
QRW,2,2,4
SNE,2,2,4
YAT,2,2,4
VCL,2,2,4
CFC,2,2,4
XSC,2,2,4
BVI,2,2,4
ORV,2,2,4
XQP,2,2,4
LBJ,2,2,4
MMJ,2,2,4
BTI,2,2,4
TMC,2,2,4
GOU,2,2,4
LLU,2,2,4
HLA,2,2,4
ZCO,2,2,4
SAE,2,2,4
SMX,2,2,4
HZH,2,2,4
CMI,2,2,4
SIT,2,2,4
MDQ,2,2,4
ELG,2,2,4
GAM,2,2,4
KGX,2,2,4
YGH,2,2,4
YDQ,2,2,4
RDN,2,2,4
UVE,2,2,4
LRT,2,2,4
JKG,2,2,4
NYT,2,2,4
YRG,2,2,4
YLH,2,2,4
SHW,2,2,4
NRA,2,2,4
BAX,2,2,4
MMU,2,2,4
KPO,2,2,4
BXU,2,2,4
LYC,2,2,4
MGB,2,2,4
MYA,2,2,4
CDV,2,2,4
DMU,2,2,4
JUU,2,2,4
BRL,2,2,4
ANV,2,2,4
DZN,2,2,4
BKC,2,2,4
ZTB,2,2,4
PDP,2,2,4
VIJ,2,2,4
RMT,2,2,4
YXX,2,2,4
KSA,2,2,4
CJL,2,2,4
YIO,2,2,4
TGJ,2,2,4
YAB,2,2,4
AIN,2,2,4
FRS,2,2,4
DAV,2,2,4
MKL,2,2,4
SVS,2,2,4
BQL,2,2,4
SOW,2,2,4
YQU,2,2,4
KSJ,2,2,4
UTN,2,2,4
HDS,2,2,4
DED,2,2,4
YNO,2,2,4
LYR,2,2,4
PPK,2,2,4
PHB,2,2,4
BOY,2,2,4
JCK,2,2,4
FKL,2,2,4
EVG,2,2,4
RMA,2,2,4
OSM,2,2,4
LAU,2,2,4
PPB,2,2,4
ZPB,2,2,4
KSF,2,2,4
OZH,2,2,4
SZA,2,2,4
ZKE,2,2,4
FTU,2,2,4
RCE,2,2,4
FTA,2,2,4
LPM,2,2,4
TUO,2,2,4
ROP,2,2,4
MJD,2,2,4
CFS,2,2,4
WRE,2,2,4
LTX,2,2,4
OWB,2,2,4
MPA,2,2,4
OZZ,2,2,4
TKK,2,2,4
MEG,2,2,4
XCH,2,2,4
TBB,2,2,4
SLQ,2,2,4
AQI,2,2,4
UBP,2,2,4
BRA,2,2,4
ZAL,2,2,4
DDC,2,2,4
MGZ,2,2,4
PZI,2,2,4
ZHY,2,2,4
KKI,2,2,4
TPQ,2,2,4
VIG,2,2,4
SVA,2,2,4
HUX,2,2,4
YAP,2,2,4
HEK,2,2,4
SDV,2,2,4
STV,2,2,4
MOQ,2,2,4
DHB,2,2,4
KGE,2,2,4
YCG,2,2,4
BKS,2,2,4
DIK,2,2,4
IAM,2,2,4
BLE,2,2,4
TME,2,2,4
PDA,2,2,4
CSY,2,2,4
SVI,2,2,4
EAS,2,2,4
DEB,2,2,4
KRN,2,2,4
USU,2,2,4
ATC,2,2,4
OZC,2,2,4
JTY,2,2,4
VHC,2,2,4
BHS,2,2,4
ABX,2,2,4
IVC,2,2,4
HGR,2,2,4
NTN,2,2,4
JHW,2,2,4
AJI,2,2,4
BGG,2,2,4
IGA,2,2,4
STD,2,2,4
SJK,2,2,4
ULK,2,2,4
OPS,2,2,4
YQC,2,2,4
YTQ,2,2,4
ALS,2,2,4
ATK,2,2,4
SHX,2,2,4
TSJ,2,2,4
HJJ,2,2,4
ACR,2,2,4
PSO,2,2,4
PSE,2,2,4
EWN,2,2,4
PND,2,2,4
HCR,2,2,4
AXM,2,2,4
MTR,2,2,4
MKM,2,2,4
JHM,2,2,4
BUX,3,1,4
RNB,2,2,4
GXH,2,2,4
YPY,2,2,4
AAN,2,2,4
YZT,2,2,4
GST,2,2,4
VAO,1,3,4
KHQ,2,2,4
BEB,2,2,4
MCY,2,2,4
MYG,2,2,4
AXP,2,2,4
IZA,2,2,4
MVP,2,2,4
BBN,2,2,4
WRY,2,2,4
GTO,2,2,4
GFF,2,2,4
RAE,2,2,4
TJQ,2,2,4
LBS,2,2,4
LCH,2,2,4
LSE,2,2,4
TAC,2,2,4
VCS,2,2,4
TYR,2,2,4
BEU,2,2,4
CBQ,2,2,4
PUW,2,2,4
YAC,2,2,4
KOK,2,2,4
DGT,2,2,4
AKY,2,2,4
JDH,2,2,4
FUJ,2,2,4
ISN,2,2,4
DNZ,2,2,4
SOY,2,2,4
MUN,2,2,4
LWB,2,2,4
LDS,2,2,4
AJF,2,2,4
YCY,2,2,4
DLG,2,2,4
SGU,2,2,4
BRO,2,2,4
PBL,2,2,4
BNY,2,2,4
LAQ,2,2,4
YWP,2,2,4
STC,2,2,4
INL,2,2,4
RBQ,2,2,4
AUK,2,2,4
KKC,2,2,4
YUM,2,2,4
SFG,2,2,4
BDQ,2,2,4
SHB,2,2,4
APO,2,2,4
AGF,2,2,4
AKF,2,2,4
BFI,2,2,4
WMO,2,2,4
SVP,2,2,4
SBY,2,2,4
KVL,2,2,4
YSY,2,2,4
LZY,2,2,4
GAE,2,2,4
YWJ,2,2,4
YZG,2,2,4
MSJ,2,2,4
NOZ,2,2,4
LPI,2,2,4
JSU,2,2,4
SMR,2,2,4
KWM,2,2,4
KDM,2,2,4
DRV,2,2,4
KDO,2,2,4
DSK,2,2,4
JUJ,2,2,4
HHH,2,2,4
XSB,2,2,4
RVE,2,2,4
ALH,2,2,4
ADF,2,2,4
NUI,2,2,4
DUJ,2,2,4
CRI,2,2,4
SXP,2,2,4
COD,2,2,4
ZAT,2,2,4
PJA,2,2,4
QOW,2,2,4
UIH,2,2,4
JST,2,2,4
LKH,2,2,4
AKI,2,2,4
PGX,2,2,4
KUD,2,2,4
BSA,2,2,4
YWH,2,2,4
AXD,2,2,4
COU,2,2,4
KBU,2,2,4
ADU,2,2,4
NNB,2,2,4
MME,2,2,4
AXU,2,2,4
KND,2,2,4
TLA,2,2,4
BSG,2,2,4
MLW,2,2,4
CAB,2,2,4
PDV,2,2,4
AFA,2,2,4
UPK,2,2,4
CYS,2,2,4
ERL,2,2,4
XBJ,2,2,4
MQT,2,2,4
DRG,2,2,4
HAQ,2,2,4
JAC,2,2,4
DQA,2,2,4
DLY,2,2,4
GEL,2,2,4
TLT,2,2,4
UBJ,2,2,4
JQA,2,2,4
PZH,2,2,4
TYF,2,2,4
ULV,2,2,4
UKS,2,2,4
CME,2,2,4
ZEM,2,2,4
ONQ,2,2,4
VEE,2,2,4
HAA,2,2,4
NDU,2,2,4
CEG,2,2,4
KLR,2,2,4
YHP,2,2,4
YNS,2,2,4
YIK,2,2,4
SGO,2,2,4
WBQ,2,2,4
YPN,2,2,4
ART,2,2,4
USK,2,2,4
UTP,2,2,4
AUU,2,2,4
DBO,2,2,4
SHH,2,2,4
BQB,2,2,4
ATY,2,2,4
WAE,2,2,4
ULH,2,2,4
LCR,2,2,4
SKX,2,2,4
HPH,2,2,4
CAP,2,2,4
AVN,2,2,4
LMT,2,2,4
CUE,2,2,4
HFS,2,2,4
CRA,2,2,4
DJB,2,2,4
RNA,2,2,4
BJZ,2,2,4
YCD,2,2,4
KOC,2,2,4
UPN,2,2,4
KLW,2,2,4
MOV,2,2,4
JBQ,2,2,4
LOD,2,2,4
KIF,2,2,4
BNC,2,2,4
CFN,2,2,4
TAP,2,2,4
YAK,2,2,4
CMA,2,2,4
IBE,2,2,4
ZLT,2,2,4
NAV,2,2,4
ASE,2,2,4
IAN,2,2,4
EEK,2,2,4
RVV,2,2,4
SRX,2,2,4
YOJ,2,2,4
YIN,2,2,4
HUS,2,2,4
CEC,2,2,4
IKE,2,2,4
BDH,2,2,4
ACI,2,2,4
OMH,2,2,4
ULP,2,2,4
GDQ,2,2,4
ORB,2,2,4
CVU,2,2,4
KEJ,2,2,4
VDH,2,2,4
YYB,2,2,4
HVB,2,2,4
FAV,2,2,4
KWJ,2,2,4
OCC,2,2,4
YNC,2,2,4
KOV,2,2,4
LBL,2,2,4
MQF,2,2,4
YUX,2,2,4
KYU,2,2,4
MOC,2,2,4
RBV,2,2,4
IPC,2,2,4
IXU,2,2,4
FEN,2,2,4
LUG,2,2,4
VXC,2,2,4
VQS,2,2,4
PJM,2,2,4
YCL,2,2,4
TNO,2,2,4
OOK,2,2,4
ZUM,2,2,4
MPH,2,2,4
LKL,1,3,4
AOG,2,2,4
AKU,2,2,4
NSH,2,2,4
YRB,2,2,4
DWD,2,2,4
EDR,2,2,4
GLN,2,2,4
LCK,2,2,4
SUG,2,2,4
YQY,2,2,4
PEM,2,2,4
NSQ,2,2,4
YZY,2,2,4
HIN,2,2,4
KDI,2,2,4
MII,2,2,4
FBS,2,2,4
CCM,2,2,4
THU,2,2,4
LGL,2,2,4
CZH,2,2,4
KCT,2,2,4
SKU,2,2,4
XCR,2,2,4
MHK,2,2,4
HRM,2,2,4
EBJ,2,2,4
RHI,2,2,4
KNS,2,2,4
MLB,2,2,4
BUC,2,2,4
OHH,2,2,4
ABL,2,2,4
TRO,2,2,4
MJN,2,2,4
YGP,2,2,4
ABB,2,2,4
DYR,2,2,4
HNS,2,2,4
ESU,2,2,4
YKF,2,2,4
CLQ,2,2,4
SGY,2,2,4
IGM,2,2,4
PCR,2,2,4
STG,2,2,4
AGH,2,2,4
KWT,2,2,4
AOR,2,2,4
SMK,2,2,4
LGP,2,2,4
PPP,2,2,4
PHS,2,2,4
XKS,2,2,4
CXI,2,2,4
BIK,2,2,4
KDV,2,2,4
BKY,2,2,4
MVT,2,2,4
RMI,2,2,4
IMT,2,2,4
MLG,2,2,4
CBT,2,2,4
RZR,2,2,4
VKT,2,2,4
AQJ,2,2,4
WNR,2,2,4
TQA,2,2,4
APN,2,2,4
GIS,2,2,4
TCQ,2,2,4
USN,2,2,4
FSM,2,2,4
VAK,2,2,4
VHM,2,2,4
OTH,2,2,4
CYF,2,2,4
YXP,2,2,4
ENE,2,2,4
KRO,2,2,4
NGQ,2,2,4
GKK,2,2,4
HFA,2,2,4
MZH,2,2,4
GOQ,2,2,4
LYB,2,2,4
MXX,2,2,4
IPL,2,2,4
MOF,2,2,4
GLF,2,2,4
BYN,2,2,4
PSG,2,2,4
WAT,2,2,4
JFR,2,2,4
WIC,2,2,4
SNW,2,2,4
YTE,2,2,4
SPI,0,4,4
WRG,2,2,4
BPX,2,2,4
LLK,2,2,4
HUI,2,2,4
NNT,2,2,4
ATT,2,2,4
TVY,2,2,4
LOH,2,2,4
PIZ,2,2,4
BNI,2,2,4
RET,2,2,4
ACH,2,2,4
PEU,2,2,4
PKY,2,2,4
YFA,2,2,4
HRO,2,2,4
PHC,2,2,4
FRW,2,2,4
PPQ,2,2,4
SLW,2,2,4
IOT,2,2,4
ORU,2,1,3
MUW,2,1,3
GAF,2,1,3
JYV,2,1,3
ORI,1,2,3
KCC,2,1,3
KUK,1,2,3
LUQ,1,2,3
WTL,2,1,3
AIT,2,1,3
DJG,2,1,3
SPD,2,1,3
RIG,2,1,3
NUP,2,1,3
FON,2,1,3
SHG,1,2,3
SMA,1,2,3
SHD,1,2,3
AMH,1,2,3
MRE,1,2,3
NME,2,1,3
CUQ,1,2,3
OIA,1,2,3
EOI,1,2,3
SCM,1,2,3
GMB,2,1,3
TNK,1,2,3
FRE,2,1,3
HOI,2,1,3
CHY,1,2,3
TMU,1,2,3
CKD,2,1,3
PMZ,1,2,3
EDA,1,2,3
KOZ,2,1,3
POJ,1,2,3
FLS,1,2,3
RVT,1,2,3
QBC,2,1,3
BKW,2,1,3
MLL,2,1,3
PBZ,2,1,3
MIS,2,1,3
EPR,2,1,3
VLL,2,1,3
YVZ,1,2,3
BMY,2,1,3
KIS,2,1,3
JIM,2,1,3
TFI,1,2,3
ORX,0,3,3
BJR,2,1,3
ASO,1,2,3
YYU,2,1,3
ZBF,1,2,3
AIU,1,2,3
WTK,2,1,3
KEM,1,2,3
SAB,1,2,3
OBU,2,1,3
UAQ,2,1,3
LOK,1,2,3
ZIG,2,1,3
TID,1,2,3
GUC,1,1,2
CYZ,1,1,2
TBW,1,1,2
ESD,1,1,2
WLH,1,1,2
IWJ,1,1,2
GMR,1,1,2
CDJ,1,1,2
CAJ,1,1,2
RGK,1,1,2
TUI,1,1,2
SYM,1,1,2
PWE,1,1,2
ATA,1,1,2
ANS,1,1,2
YBR,1,1,2
LFR,1,1,2
TMI,1,1,2
UYU,1,1,2
HUU,1,1,2
RRG,1,1,2
MEI,1,1,2
LBP,1,1,2
OLF,1,1,2
EGE,1,1,2
ROO,1,1,2
CND,1,1,2
ACU,1,1,2
LKB,1,1,2
TEB,1,1,2
GYA,1,1,2
ADK,1,1,2
CPC,1,1,2
PRH,1,1,2
BSC,1,1,2
ZDY,1,1,2
TNW,1,1,2
FLA,1,1,2
AXK,1,1,2
PYC,1,1,2
SHM,1,1,2
IAA,1,1,2
CKX,1,1,2
ARK,1,1,2
HAC,1,1,2
MTS,1,1,2
TLJ,1,1,2
TQL,1,1,2
AXR,1,1,2
DHI,1,1,2
OGZ,1,1,2
MBT,1,1,2
AVV,1,1,2
LGI,1,1,2
KHD,1,1,2
MOI,1,1,2
SLN,1,1,2
RJH,1,1,2
RNN,1,1,2
BKQ,1,1,2
BXR,1,1,2
GPS,1,1,2
SVR,1,1,2
KLL,1,1,2
OKL,1,1,2
PUM,1,1,2
KKR,1,1,2
RKA,1,1,2
SLM,1,1,2
RRS,1,1,2
MYQ,1,1,2
THX,1,1,2
CAH,1,1,2
JOS,1,1,2
TCB,1,1,2
UIN,1,1,2
GCN,1,1,2
EAR,1,1,2
RIW,1,1,2
CED,1,1,2
WNA,1,1,2
LAO,1,1,2
YAA,1,1,2
YYF,1,1,2
KVK,1,1,2
NRK,1,1,2
CSG,1,1,2
VDM,1,1,2
IRJ,1,1,2
BLV,1,1,2
SGG,1,1,2
YLC,1,1,2
KCG,1,1,2
AOQ,1,1,2
EKS,1,1,2
MKQ,1,1,2
GET,1,1,2
SML,1,1,2
TTA,1,1,2
UTT,1,1,2
ELC,1,1,2
ANR,1,1,2
MTT,1,1,2
GAO,1,1,2
TGK,1,1,2
BWA,1,1,2
WWT,1,1,2
BDU,1,1,2
RAJ,1,1,2
PBO,1,1,2
AUR,1,1,2
MMH,1,1,2
SCY,1,1,2
PXM,1,1,2
KRY,1,1,2
KOP,1,1,2
XEQ,1,1,2
IRP,1,1,2
LEQ,1,1,2
TGH,1,1,2
OST,1,1,2
HKB,1,1,2
PKB,1,1,2
PKR,1,1,2
VRC,1,1,2
SRV,1,1,2
UIP,1,1,2
NIQ,1,1,2
CXH,1,1,2
LSA,1,1,2
WSZ,1,1,2
GMA,1,1,2
GRP,1,1,2
THD,1,1,2
ILR,1,1,2
QUO,1,1,2
MCM,1,1,2
PRC,1,1,2
WYA,1,1,2
KLN,1,1,2
MSL,1,1,2
TAY,1,1,2
YIE,1,1,2
AKK,1,1,2
TMT,1,1,2
MBI,1,1,2
VGZ,1,1,2
MLO,1,1,2
MPN,1,1,2
WGP,1,1,2
KUU,1,1,2
MAM,1,1,2
BRQ,1,1,2
KQA,1,1,2
GCW,1,1,2
GMZ,1,1,2
UEO,1,1,2
WAG,1,1,2
MFU,1,1,2
SSY,1,1,2
TKP,1,1,2
PKA,1,1,2
KET,1,1,2
SJE,1,1,2
TBN,1,1,2
DIU,1,1,2
IOA,1,1,2
DND,1,1,2
KRP,1,1,2
SDG,1,1,2
NAW,1,1,2
UGB,1,1,2
SXK,1,1,2
AGN,1,1,2
CNY,1,1,2
SSB,1,1,2
YKM,1,1,2
PAH,1,1,2
MGH,1,1,2
IRK,1,1,2
FLG,1,1,2
CIZ,1,1,2
BYO,1,1,2
OMR,1,1,2
CAL,1,1,2
ULO,1,1,2
XMS,1,1,2
OGD,1,1,2
QJH,1,1,2
TIR,1,1,2
WJU,1,1,2
VDB,1,1,2
URG,1,1,2
BKZ,1,1,2
MDU,1,1,2
TMW,1,1,2
RES,1,1,2
RDD,1,1,2
JKR,1,1,2
SUR,1,1,2
MTM,1,1,2
CGM,1,1,2
ZFM,1,1,2
AFL,1,1,2
ABY,1,1,2
KAO,1,1,2
BFV,1,1,2
RTA,1,1,2
TKE,1,1,2
KOS,1,1,2
TRU,1,1,2
TTJ,1,1,2
KAT,1,1,2
DRK,1,1,2
CZE,1,1,2
PAS,1,1,2
JOE,1,1,2
DIN,1,1,2
EAT,1,1,2
BNB,1,1,2
GOP,1,1,2
CDR,1,1,2
KYZ,1,1,2
UDJ,1,1,2
EAE,1,1,2
KDU,1,1,2
SIC,1,1,2
HOB,1,1,2
MOD,1,1,2
MKP,1,1,2
SNV,1,1,2
IRC,1,1,2
TUR,1,1,2
SYQ,1,1,2
DBQ,1,1,2
JLN,1,1,2
JPR,1,1,2
ITB,1,1,2
RIB,1,1,2
OTD,1,1,2
BLD,1,1,2
LAW,1,1,2
SPS,1,1,2
PTU,1,1,2
ESC,1,1,2
RMP,1,1,2
MKG,1,1,2
AAY,1,1,2
LAR,1,1,2
IGG,1,1,2
MEE,1,1,2
DOB,1,1,2
ABM,1,1,2
ASV,1,1,2
CIX,1,1,2
FVM,1,1,2
WMR,1,1,2
RGS,1,1,2
PLO,1,1,2
MQH,1,1,2
TCR,1,1,2
PUG,1,1,2
THS,1,1,2
DBA,1,1,2
FUO,1,1,2
LUW,1,1,2
CEM,1,1,2
BFF,1,1,2
KCA,1,1,2
UNN,1,1,2
RSA,1,1,2
LQM,1,1,2
CVM,1,1,2
KTT,1,1,2
PDS,1,1,2
KUV,1,1,2
BAZ,1,1,2
ANG,1,1,2
UST,1,1,2
YVM,1,1,2
QFG,1,1,2
IKO,1,1,2
KYP,1,1,2
HNM,1,1,2
MUE,1,1,2
MYW,1,1,2
BCI,1,1,2
DPO,1,1,2
LUD,1,1,2
PNA,1,1,2
LWN,1,1,2
AYP,1,1,2
EAU,1,1,2
RCB,1,1,2
GJA,1,1,2
TUG,1,1,2
WRL,1,1,2
SUK,1,1,2
LEN,1,1,2
ELL,1,1,2
CSK,1,1,2
YZZ,1,1,2
TKJ,1,1,2
IPI,1,1,2
RUS,1,1,2
SVL,1,1,2
RVN,1,1,2
HJR,1,1,2
MGS,1,1,2
IZO,1,1,2
CFK,1,1,2
KAZ,1,1,2
PPV,1,1,2
EBH,1,1,2
YPR,1,1,2
CYX,1,1,2
MQJ,1,1,2
BDB,1,1,2
OMO,1,1,2
LEH,1,1,2
BSD,1,1,2
VIN,1,1,2
PES,1,1,2
CPD,1,1,2
ESL,1,1,2
IAR,1,1,2
PGV,1,1,2
YQL,1,1,2
SAX,1,1,2
TGI,1,1,2
RXS,1,1,2
KCQ,1,1,2
GWL,1,1,2
LYP,1,1,2
HVD,1,1,2
NTQ,1,1,2
ONJ,1,1,2
PMY,1,1,2
CIP,1,1,2
SXO,1,1,2
AGB,1,1,2
VIS,1,1,2
HGN,1,1,2
SLK,1,1,2
CGI,1,1,2
BUN,1,1,2
BHJ,1,1,2
ZSE,1,1,2
DHM,1,1,2
TST,1,1,2
TTU,1,1,2
KCO,1,1,2
ETR,1,1,2
MJU,1,1,2
IWK,1,1,2
LXG,1,1,2
RAH,1,1,2
ISE,1,1,2
JOL,1,1,2
KAD,1,1,2
RSD,1,1,2
YGZ,1,1,2
YOL,1,1,2
SLX,1,1,2
JSY,1,1,2
ALO,1,1,2
RJL,1,1,2
RCH,1,1,2
ULG,1,1,2
TGP,1,1,2
AKB,1,1,2
LMN,1,1,2
GVR,1,1,2
BKM,1,1,2
DCN,1,1,2
OLP,1,1,2
AOE,1,1,2
VPY,1,1,2
KUZ,1,1,2
PUB,1,1,2
FOE,1,1,2
ZBL,1,1,2
TWF,1,1,2
DCY,1,1,2
TCT,1,1,2
ENA,1,1,2
BFQ,1,1,2
SFN,1,1,2
ROI,1,1,2
RJA,1,1,2
JSI,1,1,2
SJT,1,1,2
OER,1,1,2
ERN,1,1,2
TGR,1,1,2
PQI,1,1,2
VUP,1,1,2
LNJ,1,1,2
ACZ,1,1,2
JGA,1,1,2
TNJ,1,1,2
BZL,1,1,2
OIM,1,1,2
KAW,1,1,2
MGT,1,1,2
YFS,1,1,2
MCK,1,1,2
MCE,1,1,2
CRM,1,1,2
GFN,1,1,2
YUB,1,1,2
PUE,1,1,2
BNS,1,1,2
LUH,1,1,2
RHD,1,1,2
TML,1,1,2
WNH,1,1,2
NLT,1,1,2
MAQ,1,1,2
BTM,1,1,2
BJB,1,1,2
AIA,1,1,2
BEJ,1,1,2
NAH,1,1,2
ZOS,1,1,2
GIL,1,1,2
PJG,1,1,2
MEB,1,1,2
CBS,1,1,2
GMO,1,1,2
CEZ,1,1,2
LSY,1,1,2
CCK,1,1,2
MRD,1,1,2
PAF,1,1,2
ROW,1,1,2
LEC,1,1,2
TUC,1,1,2
BAY,1,1,2
KOO,1,1,2
YJT,1,1,2
XKH,1,1,2
CLD,1,1,2
ODO,1,1,2
ILI,1,1,2
KID,1,1,2
FLO,1,1,2
ACT,1,1,2
HID,1,1,2
TVF,1,1,2
CZS,1,1,2
LAI,1,1,2
GGW,1,1,2
LBF,1,1,2
BTC,1,1,2
HON,1,1,2
GRW,1,1,2
MVR,1,1,2
TBP,1,1,2
KNU,1,1,2
MWF,1,1,2
TDX,1,1,2
HMV,1,1,2
YUS,1,1,2
TGC,1,1,2
OMD,1,1,2
MNA,1,1,2
SCK,1,1,2
PIP,1,1,2
SVZ,1,1,2
SCZ,1,1,2
AJR,1,1,2
PQM,1,1,2
NOB,1,1,2
GRV,1,1,2
KHZ,1,1,2
KFP,1,1,2
EGX,1,1,2
TCO,1,1,2
AHU,1,1,2
SUX,1,1,2
LTO,1,1,2
LDU,1,1,2
XFW,1,1,2
LKG,1,1,2
BRR,1,1,2
THN,1,1,2
MCP,1,1,2
IIL,1,1,2
ARC,1,1,2
KTE,1,1,2
NLG,1,1,2
PPG,1,1,2
KSO,1,1,2
CHX,1,1,2
FJR,1,1,2
VLS,1,1,2
RDC,1,1,2
ARM,1,1,2
MMO,1,1,2
CKZ,1,1,2
GLO,1,1,2
DIJ,1,1,2
ARW,1,1,2
BIM,1,1,2
KHS,1,1,2
PYY,1,1,2
CTM,1,1,2
EDO,1,1,2
CLM,1,1,2
VCT,1,1,2
AUC,1,1,2
MAZ,1,1,2
LPD,1,1,2
UYL,1,1,2
JAL,1,1,2
BVB,1,1,2
ELU,1,1,2
OBO,1,1,2
IVL,1,1,2
QUV,1,1,2
PIH,1,1,2
ZMT,1,1,2
PSS,1,1,2
TEE,1,1,2
PDT,1,1,2
OLL,1,1,2
ABS,1,1,2
AEY,1,1,2
KKE,1,1,2
IKS,1,1,2
EJH,1,1,2
KGC,1,1,2
LUR,1,1,2
MLY,1,1,2
SKE,1,1,2
ALW,1,1,2
SOM,1,1,2
AUY,1,1,2
TOU,1,1,2
KBC,1,1,2
PTG,1,1,2
CMU,1,1,2
AOS,1,1,2
BZO,1,1,2
AAT,1,1,2
PLN,1,1,2
QFN,1,1,2
LAM,1,1,2
PTH,1,1,2
ULZ,1,1,2
SRA,1,1,2
NGE,1,1,2
OGL,1,1,2
KXU,1,1,2
EXI,1,1,2
KCK,1,1,2
XGR,1,1,2
GLH,1,1,2
CXB,1,1,2
MSZ,1,1,2
PVE,1,1,2
CDC,1,1,2
LUO,1,1,2
PXO,1,1,2
KKB,1,1,2
OBY,1,1,2
LOE,1,1,2
KGT,1,1,2
SPB,1,1,2
TTT,1,1,2
HVR,1,1,2
YGK,1,1,2
KAA,1,1,2
CUM,1,1,2
SKO,1,1,2
RCM,1,1,2
IAO,1,1,2
WLK,1,1,2
POI,1,1,2
RVD,1,1,2
PIN,1,1,2
DEF,1,1,2
VBV,1,1,2
LCX,1,1,2
CJA,1,1,2
EGN,1,1,2
OLA,1,1,2
GDV,1,1,2
GPI,1,1,2
WHK,1,1,2
TRE,1,1,2
HDN,1,1,2
MEC,1,1,2
PRI,1,1,2
ILD,1,1,2
AHN,1,1,2
LNS,1,1,2
FRD,1,1,2
ZQZ,1,1,2
MNS,1,1,2
MSU,1,1,2
KFS,1,1,2
MCV,1,1,2
GBB,1,1,2
BIR,1,1,2
SGD,1,1,2
NQU,1,1,2
OAL,1,1,2
VLD,1,1,2
MZL,1,1,2
ABR,1,1,2
KCL,1,1,2
LTI,1,1,2
NYI,1,1,2
CKH,1,1,2
HOE,1,1,2
ODY,1,1,2
VKG,1,1,2
TEQ,1,1,2
PHW,1,1,2
HOM,1,1,2
RKD,1,1,2
LYH,1,1,2
TXK,1,1,2
DHN,1,1,2
SDP,1,1,2
BUL,1,1,2
TQI,1,1,2
BXB,1,1,2
ILP,1,1,2
DIW,1,1,2
VLY,1,1,2
TIU,1,1,2
KAJ,1,1,2
RDV,1,1,2
MYU,1,1,2
CMG,1,1,2
CXF,1,1,2
KZR,1,1,2
MTJ,1,1,2
CNM,1,1,2
PSJ,1,1,2
TNN,1,1,2
TKS,1,1,2
SZI,1,1,2
AFZ,1,1,2
UKA,1,1,2
EJA,1,1,2
IRZ,1,1,2
RUA,1,1,2
YNY,1,1,2
JBR,1,1,2
BVV,1,1,2
BSO,1,1,2
YPL,1,1,2
JAU,1,1,2
PIU,1,1,2
GHT,1,1,2
MHG,1,1,2
TRR,1,1,2
CIC,1,1,2
CMX,1,1,2
SXI,1,1,2
WEI,1,1,2
YOG,1,1,2
OND,1,1,2
BDP,1,1,2
MRZ,1,1,2
CBO,1,1,2
CSH,1,1,2
ZNE,1,1,2
MPP,1,1,2
OGM,1,1,2
TNC,1,1,2
YLE,1,1,2
MWA,1,1,2
CZU,1,1,2
GNM,1,1,2
YXH,1,1,2
PAV,1,1,2
HKK,1,1,2
SUJ,1,1,2
CYP,1,1,2
EGS,1,1,2
MBE,1,1,2
NTX,1,1,2
YES,1,1,2
KHY,1,1,2
CTC,1,1,2
GTR,1,1,2
YLL,1,1,2
PIB,1,1,2
KVC,1,1,2
SYB,1,1,2
YPO,1,1,2
BUW,1,1,2
URS,1,1,2
LPY,1,1,2
SSR,1,1,2
KNQ,1,1,2
PZB,1,1,2
GDZ,1,1,2
PYH,1,1,2
WSN,1,1,2
YPC,1,1,2
TOG,1,1,2
PSM,1,1,2
JQE,1,1,2
FUN,1,1,2
BHU,1,1,2
JNX,1,1,2
GCK,1,1,2
NLD,1,1,2
SJL,1,1,2
DOL,1,1,2
BPT,1,1,2
PRA,1,1,2
KWF,1,1,2
PFQ,1,1,2
SRK,1,1,2
XTG,1,1,2
IFO,1,1,2
LPT,1,1,2
WBM,1,1,2
GPB,1,1,2
ATD,1,1,2
FMA,1,1,2
IXG,1,1,2
BPL,1,1,2
QOQ,1,1,2
UTS,1,1,2
POG,1,1,2
KME,1,1,2
HIB,1,1,2
HTN,1,1,2
OLH,1,1,2
NIB,1,1,2
TTQ,1,1,2
UKX,1,1,2
SDY,1,1,2
IPT,1,1,2
YZR,1,1,2
TBT,1,1,2
BMW,1,1,2
SDE,1,1,2
KTL,1,1,2
OAG,1,1,2
TCG,1,1,2
NST,1,1,2
SNO,1,1,2
ENH,1,1,2
KPB,1,1,2
AAX,1,1,2
QUB,1,1,2
SFL,1,1,2
LPS,1,1,2
MSS,1,1,2
GHE,1,1,2
VDZ,1,1,2
FUT,1,1,2
NAJ,1,1,2
GNU,1,1,2
SHR,1,1,2
IBA,1,1,2
NVK,1,1,2
KEW,1,1,2
MNT,1,1,2
PEZ,1,1,2
YPW,1,1,2
YFJ,1,1,2
GCH,1,1,2
CBH,1,1,2
KUO,1,1,2
PPN,1,1,2
VEL,1,1,2
HDM,1,1,2
ICI,1,1,2
IPH,1,1,2
CHU,1,1,2
JUK,1,1,2
PEC,1,1,2
TAG,1,1,2
NKI,1,1,2
MHC,1,1,2
BWK,1,1,2
VUS,1,1,2
OSW,1,1,2
APF,1,1,2
BHR,1,1,2
WWP,1,1,2
OGS,1,1,2
BHB,1,1,2
RUT,1,1,2
KZS,1,1,2
LAZ,1,1,2
YZP,1,1,2
OLC,1,1,2
LZC,1,1,2
IOQ,1,1,2
LMC,1,1,2
CIU,1,1,2
HVN,1,1,2
HYG,1,1,2
TKD,1,1,2
MBL,1,1,2
PBD,1,1,2
URE,1,1,2
PBU,1,1,2
YKT,1,1,2
KGP,1,1,2
SJI,1,1,2
JSR,1,1,2
CPE,1,1,2
KEP,1,1,2
IKI,1,1,2
CPX,1,1,2
PVA,1,1,2
VLV,1,1,2
ABI,1,1,2
BQK,1,1,2
NOP,1,1,2
NVA,1,1,2
BJI,1,1,2
GDE,1,1,2
MZW,1,1,2
KPV,1,1,2
MUK,1,1,2
DEE,1,1,2
IFJ,1,1,2
LEA,1,1,2
RCY,1,1,2
SHC,1,1,2
KMS,1,1,2
YSG,1,1,2
LMA,1,1,2
GGG,1,1,2
EYP,1,1,2
BVH,1,1,2
AQA,1,1,2
AGX,1,1,2
ILY,1,1,2
CJM,1,1,2
KKJ,1,1,2
MXV,1,1,2
LGQ,1,1,2
SCT,1,1,2
PVC,1,1,2
JJA,1,1,2
WMX,1,1,2
ELF,1,1,2
LTD,1,1,2
EMD,1,1,2
YRA,1,1,2
AUG,1,1,2
TCD,1,1,2
SHL,1,1,2
LLB,1,1,2
EKO,1,1,2
ELV,1,1,2
SYO,1,1,2
NGK,1,1,2
EUX,1,1,2
KAE,1,1,2
SVC,1,1,2
WNP,1,1,2
KSE,1,1,2
MTE,0,1,1
VDA,1,0,1
SXX,1,0,1
QFX,0,1,1
CMP,0,1,1
KPR,0,1,1
PTJ,1,0,1
BVS,0,1,1
DLZ,0,1,1
TUA,0,1,1
KZI,0,1,1
UII,0,1,1
KYK,0,1,1
MSW,1,0,1
STZ,1,0,1
KZB,0,1,1
LJA,1,0,1
IUE,1,0,1
BSS,0,1,1
FMI,0,1,1
CZJ,0,1,1
